image: mymap.pgm
resolution: 0.050000
origin: [-9.100711, -5.586129, 0.000000]
negate: 0
occupied_thresh: 0.65
free_thresh: 0.196

